Iteration= 1 
gamma= 0.9175833 1.372069 -0.9071051 -6.237719 7.560991 -26.63967 
gamma convergence succeeded 
gamma_likelihood= -5829.772 
time_gamma 296.198 
beta convergence succeeded 
beta_likelihood= -5542.186 
beta= 0.08510921 0.5445752 -0.08022883 0.7511347 0.2098781 0.0385364 -1.002699 -0.3602061 0.3872367 -0.07984726 -0.5219572 -0.1356106 -0.04519074 -0.1429932 -0.1575353 -0.05505946 0.2336213 0.2327253 0.1902385 0.2207174 0.1971678 0.005918654 -0.001903077 0.01887127 -0.4588156 0.05592969 0.3988678 0.3906745 0.2828669 -0.3189796 -0.5281281 -0.1747733 0.7382867 0.2804065 0.3062275 0.4514403 0.8841388 0.6792901 -0.2697603 0.3274529 -0.02153333 1.88694 1.210045 1.110573 -0.3586604 -0.1295809 0.2019642 0.04815153 0.1696295 0.2659583 -0.2510895 0.055826 0.08778727 -0.009654663 -0.05918656 0.09118659 0.05645813 0.0610371 -0.1956894 -0.1623167 0.1647812 0.02857096 -0.1120788 0.1349607 0.09717729 -0.129131 0.0435615 0.04263243 0.2276401 0.1070602 -0.09898926 0.09721946 
time_beta 147.504 
alpha=  
time_alpha 0 
Loglik= -5542.186 
diff= 15541.19 
Iteration= 2 
gamma= 0.5741407 1.456984 -0.9205071 -8.220806 23.46521 -132.1221 
gamma convergence succeeded 
gamma_likelihood= -5503.8 
time_gamma 67.038 
beta convergence succeeded 
beta_likelihood= -5503.169 
beta= 0.0984884 0.6158052 -0.06024134 0.7646778 0.2255365 0.06287987 -0.9949198 -0.3563685 0.3906195 -0.07488377 -0.5238126 -0.1356364 -0.04549377 -0.1432707 -0.1588081 -0.05561916 0.2337874 0.233331 0.1899941 0.2207269 0.1995611 0.0060514 -0.00213622 0.01868061 -0.4479094 0.1354189 0.4305113 0.4012385 0.2898783 -0.2990879 -0.5219386 -0.1725399 0.7429581 0.2852421 0.3062561 0.4516089 0.8919306 0.6994989 -0.2721913 0.3274556 -0.02677533 1.93508 1.222324 1.111932 -0.3623858 -0.1474728 0.2028743 0.05116662 0.1760497 0.2616124 -0.265182 0.05083796 0.09700181 -0.002627471 -0.05982726 0.09223799 0.06146471 0.04521274 -0.208552 -0.1679788 0.1748218 0.04166598 -0.1163655 0.1339936 0.1008243 -0.1310612 0.04289037 0.04245765 0.2327403 0.1264324 -0.09734495 0.09776999 
time_beta 52.531 
alpha=  
time_alpha 0 
Loglik= -5503.169 
diff= 39.01728 
Iteration= 3 
gamma= 0.5607877 1.449865 -0.9383799 -8.608761 24.521 -131.907 
gamma convergence succeeded 
gamma_likelihood= -5499.685 
time_gamma 35.575 
beta convergence succeeded 
beta_likelihood= -5499.685 
beta= 0.0984884 0.6158052 -0.06024134 0.7646778 0.2255365 0.06287987 -0.9949198 -0.3563685 0.3906195 -0.07488377 -0.5238126 -0.1356364 -0.04549377 -0.1432707 -0.1588081 -0.05561916 0.2337874 0.233331 0.1899941 0.2207269 0.1995611 0.0060514 -0.00213622 0.01868061 -0.4479094 0.1354189 0.4305113 0.4012385 0.2898783 -0.2990879 -0.5219386 -0.1725399 0.7429581 0.2852421 0.3062561 0.4516089 0.8919306 0.6994989 -0.2721913 0.3274556 -0.02677533 1.93508 1.222324 1.111932 -0.3623858 -0.1474728 0.2028743 0.05116662 0.1760497 0.2616124 -0.265182 0.05083796 0.09700181 -0.002627471 -0.05982726 0.09223799 0.06146471 0.04521274 -0.208552 -0.1679788 0.1748218 0.04166598 -0.1163655 0.1339936 0.1008243 -0.1310612 0.04289037 0.04245765 0.2327403 0.1264324 -0.09734495 0.09776999 
time_beta 20.534 
alpha=  
time_alpha 0 
Loglik= -5499.685 
diff= 3.483812 
Iteration= 4 
gamma= 0.5607666 1.44992 -0.9383358 -8.608954 24.52096 -131.9069 
gamma convergence succeeded 
gamma_likelihood= -5499.685 
time_gamma 4.922 
beta convergence succeeded 
beta_likelihood= -5499.685 
beta= 0.0984884 0.6158052 -0.06024134 0.7646778 0.2255365 0.06287987 -0.9949198 -0.3563685 0.3906195 -0.07488377 -0.5238126 -0.1356364 -0.04549377 -0.1432707 -0.1588081 -0.05561916 0.2337874 0.233331 0.1899941 0.2207269 0.1995611 0.0060514 -0.00213622 0.01868061 -0.4479094 0.1354189 0.4305113 0.4012385 0.2898783 -0.2990879 -0.5219386 -0.1725399 0.7429581 0.2852421 0.3062561 0.4516089 0.8919306 0.6994989 -0.2721913 0.3274556 -0.02677533 1.93508 1.222324 1.111932 -0.3623858 -0.1474728 0.2028743 0.05116662 0.1760497 0.2616124 -0.265182 0.05083796 0.09700181 -0.002627471 -0.05982726 0.09223799 0.06146471 0.04521274 -0.208552 -0.1679788 0.1748218 0.04166598 -0.1163655 0.1339936 0.1008243 -0.1310612 0.04289037 0.04245765 0.2327403 0.1264324 -0.09734495 0.09776999 
time_beta 20.819 
alpha=  
time_alpha 0 
Loglik= -5499.685 
diff= 1.22553e-06 
